   1                      1                      3                     17                     16
   2                      3                      4                     20                     17
   3                      4                      5                     23                     20
   4                      5                      2                      7                     23
   5                     16                     17                     18                     15
   6                     17                     20                     21                     18
   7                     20                     23                     24                     21
   8                     23                      7                      8                     24
   9                     15                     18                     19                     14
  10                     18                     21                     22                     19
  11                     21                     24                     25                     22
  12                     24                      8                      9                     25
  13                     14                     19                     13                     10
  14                     19                     22                     12                     13
  15                     22                     25                     11                     12
  16                     25                      9                      6                     11
  17                      2                     27                     37                      7
  18                     27                     28                     40                     37
  19                     28                     29                     43                     40
  20                     29                     26                     31                     43
  21                      7                     37                     38                      8
  22                     37                     40                     41                     38
  23                     40                     43                     44                     41
  24                     43                     31                     32                     44
  25                      8                     38                     39                      9
  26                     38                     41                     42                     39
  27                     41                     44                     45                     42
  28                     44                     32                     33                     45
  29                      9                     39                     36                      6
  30                     39                     42                     35                     36
  31                     42                     45                     34                     35
  32                     45                     33                     30                     34
  33                     10                     13                     53                     52
  34                     13                     12                     56                     53
  35                     12                     11                     59                     56
  36                     11                      6                     36                     59
  37                     52                     53                     54                     51
  38                     53                     56                     57                     54
  39                     56                     59                     60                     57
  40                     59                     36                     35                     60
  41                     51                     54                     55                     50
  42                     54                     57                     58                     55
  43                     57                     60                     61                     58
  44                     60                     35                     34                     61
  45                     50                     55                     49                     46
  46                     55                     58                     48                     49
  47                     58                     61                     47                     48
  48                     61                     34                     30                     47
  49                     46                     49                     73                     72
  50                     49                     48                     76                     73
  51                     48                     47                     79                     76
  52                     47                     30                     63                     79
  53                     72                     73                     74                     71
  54                     73                     76                     77                     74
  55                     76                     79                     80                     77
  56                     79                     63                     64                     80
  57                     71                     74                     75                     70
  58                     74                     77                     78                     75
  59                     77                     80                     81                     78
  60                     80                     64                     65                     81
  61                     70                     75                     69                     66
  62                     75                     78                     68                     69
  63                     78                     81                     67                     68
  64                     81                     65                     62                     67
  65                     30                     33                     89                     63
  66                     33                     32                     92                     89
  67                     32                     31                     95                     92
  68                     31                     26                     83                     95
  69                     63                     89                     90                     64
  70                     89                     92                     93                     90
  71                     92                     95                     96                     93
  72                     95                     83                     84                     96
  73                     64                     90                     91                     65
  74                     90                     93                     94                     91
  75                     93                     96                     97                     94
  76                     96                     84                     85                     97
  77                     65                     91                     88                     62
  78                     91                     94                     87                     88
  79                     94                     97                     86                     87
  80                     97                     85                     82                     86
  81                     66                     69                    105                    104
  82                     69                     68                    108                    105
  83                     68                     67                    111                    108
  84                     67                     62                     88                    111
  85                    104                    105                    106                    103
  86                    105                    108                    109                    106
  87                    108                    111                    112                    109
  88                    111                     88                     87                    112
  89                    103                    106                    107                    102
  90                    106                    109                    110                    107
  91                    109                    112                    113                    110
  92                    112                     87                     86                    113
  93                    102                    107                    101                     98
  94                    107                    110                    100                    101
  95                    110                    113                     99                    100
  96                    113                     86                     82                     99
  97                     98                    101                    125                    124
  98                    101                    100                    128                    125
  99                    100                     99                    131                    128
 100                     99                     82                    115                    131
 101                    124                    125                    126                    123
 102                    125                    128                    129                    126
 103                    128                    131                    132                    129
 104                    131                    115                    116                    132
 105                    123                    126                    127                    122
 106                    126                    129                    130                    127
 107                    129                    132                    133                    130
 108                    132                    116                    117                    133
 109                    122                    127                    121                    118
 110                    127                    130                    120                    121
 111                    130                    133                    119                    120
 112                    133                    117                    114                    119
 113                     82                     85                    141                    115
 114                     85                     84                    144                    141
 115                     84                     83                    147                    144
 116                     83                     26                    135                    147
 117                    115                    141                    142                    116
 118                    141                    144                    145                    142
 119                    144                    147                    148                    145
 120                    147                    135                    136                    148
 121                    116                    142                    143                    117
 122                    142                    145                    146                    143
 123                    145                    148                    149                    146
 124                    148                    136                    137                    149
 125                    117                    143                    140                    114
 126                    143                    146                    139                    140
 127                    146                    149                    138                    139
 128                    149                    137                    134                    138
 129                    118                    121                    157                    156
 130                    121                    120                    160                    157
 131                    120                    119                    163                    160
 132                    119                    114                    140                    163
 133                    156                    157                    158                    155
 134                    157                    160                    161                    158
 135                    160                    163                    164                    161
 136                    163                    140                    139                    164
 137                    155                    158                    159                    154
 138                    158                    161                    162                    159
 139                    161                    164                    165                    162
 140                    164                    139                    138                    165
 141                    154                    159                    153                    150
 142                    159                    162                    152                    153
 143                    162                    165                    151                    152
 144                    165                    138                    134                    151
 145                    150                    153                    177                    176
 146                    153                    152                    180                    177
 147                    152                    151                    183                    180
 148                    151                    134                    167                    183
 149                    176                    177                    178                    175
 150                    177                    180                    181                    178
 151                    180                    183                    184                    181
 152                    183                    167                    168                    184
 153                    175                    178                    179                    174
 154                    178                    181                    182                    179
 155                    181                    184                    185                    182
 156                    184                    168                    169                    185
 157                    174                    179                    173                    170
 158                    179                    182                    172                    173
 159                    182                    185                    171                    172
 160                    185                    169                    166                    171
 161                    134                    137                    189                    167
 162                    137                    136                    192                    189
 163                    136                    135                    195                    192
 164                    135                     26                     29                    195
 165                    167                    189                    190                    168
 166                    189                    192                    193                    190
 167                    192                    195                    196                    193
 168                    195                     29                     28                    196
 169                    168                    190                    191                    169
 170                    190                    193                    194                    191
 171                    193                    196                    197                    194
 172                    196                     28                     27                    197
 173                    169                    191                    188                    166
 174                    191                    194                    187                    188
 175                    194                    197                    186                    187
 176                    197                     27                      2                    186
 177                    170                    173                    201                    200
 178                    173                    172                    204                    201
 179                    172                    171                    207                    204
 180                    171                    166                    188                    207
 181                    200                    201                    202                    199
 182                    201                    204                    205                    202
 183                    204                    207                    208                    205
 184                    207                    188                    187                    208
 185                    199                    202                    203                    198
 186                    202                    205                    206                    203
 187                    205                    208                    209                    206
 188                    208                    187                    186                    209
 189                    198                    203                      3                      1
 190                    203                    206                      4                      3
 191                    206                    209                      5                      4
 192                    209                    186                      2                      5
